{
  "camera_angle_x": 1.1583379345820135,
  "camera_angle_y": 0.9116821832992252,
  "fl_x": 3082.6567389274132,
  "fl_y": 3083.9545617442855,
  "k1": 0.021128395507508613,
  "k2": -0.022263913613929733,
  "p1": 0.0006720390699298359,
  "p2": 0.00028933962219290825,
  "cx": 2019.5000199378371,
  "cy": 1468.011766254727,
  "w": 4032.0,
  "h": 3024.0,
  "aabb_scale": 16,
  "frames": [
    {
      "file_path": "./images/DJI_20200226_143903_817.JPG",
      "sharpness": 82.16845919122039,
      "transform_matrix": [
        [
          -0.006032868710304809,
          -0.04274274081790099,
          0.9990678969000875,
          3.9840097936744097
        ],
        [
          0.9999760250381091,
          -0.00365391444216918,
          0.00588202841140193,
          0.01633872418304728
        ],
        [
          0.0033990946013187353,
          0.999079429790489,
          0.0427637596484271,
          0.17784584477142912
        ],
        [
          0.0,
          0.0,
          0.0,
          1.0
        ]
      ]
    },
    {
      "file_path": "./images/DJI_20200226_143900_082.JPG",
      "sharpness": 108.88755159061749,
      "transform_matrix": [
        [
          -0.1403551522466156,
          -0.034623933600044225,
          0.9894956364096584,
          3.8995256440820563
        ],
        [
          0.9900970565627754,
          -0.007807404655718774,
          0.14016726799888207,
          0.5667236203690699
        ],
        [
          0.0028722506584252746,
          0.9993699153308884,
          0.035376864213133144,
          0.15782333094822248
        ],
        [
          0.0,
          0.0,
          0.0,
          1.0
        ]
      ]
    },
    {
      "file_path": "./images/DJI_20200226_143905_272.JPG",
      "sharpness": 76.12366802093288,
      "transform_matrix": [
        [
          0.010029290698548717,
          4.762361527541167e-06,
          0.9999497053948612,
          3.9917322718459194
        ],
        [
          0.9999460400535247,
          -0.0027076383482524274,
          -0.01002924104057379,
          -0.025886151654260996
        ],
        [
          0.0027074544057791613,
          0.9999963343361618,
          -3.1917796651872304e-05,
          0.017528895624164872
        ],
        [
          0.0,
          0.0,
          0.0,
          1.0
        ]
      ]
    },
    {
      "file_path": "./images/DJI_20200226_143858_657.JPG",
      "sharpness": 118.47892440610957,
      "transform_matrix": [
        [
          -0.1963142881090262,
          -0.032998230871144146,
          0.9799856208422074,
          3.8959930734031816
        ],
        [
          0.980536184896023,
          -0.00974655358790004,
          0.19609639161063286,
          0.7667835888160918
        ],
        [
          0.0030806483655440972,
          0.9994078854333687,
          0.03426934713583495,
          0.1569955370942626
        ],
        [
          0.0,
          0.0,
          0.0,
          1.0
        ]
      ]
    },
    {
      "file_path": "./images/DJI_20200226_143857_455.JPG",
      "sharpness": 103.79257317978657,
      "transform_matrix": [
        [
          -0.2272802447550298,
          -0.030181290389719263,
          0.9733615875245801,
          3.917229713182484
        ],
        [
          0.9738269411191175,
          -0.009287723181802335,
          0.22710091798291196,
          0.9194209684420435
        ],
        [
          0.002186114227313877,
          0.9995012896051583,
          0.03150226969722518,
          0.15377846839937642
        ],
        [
          0.0,
          0.0,
          0.0,
          1.0
        ]
      ]
    },
    {
      "file_path": "./images/DJI_20200226_143901_419.JPG",
      "sharpness": 107.48331920826743,
      "transform_matrix": [
        [
          -0.09887881327443532,
          -0.03803224061096344,
          0.9943724297130403,
          3.9155607176950737
        ],
        [
          0.9950921213588215,
          -0.007622683945723657,
          0.09865882980789963,
          0.38754659783567064
        ],
        [
          0.003827570402393683,
          0.9992474385143243,
          0.03859930493211204,
          0.16300805666708573
        ],
        [
          0.0,
          0.0,
          0.0,
          1.0
        ]
      ]
    },
    {
      "file_path": "./images/DJI_20200226_143902_603.JPG",
      "sharpness": 102.4723332314786,
      "transform_matrix": [
        [
          -0.051589250259862794,
          -0.04279153061476497,
          0.9977511885130164,
          3.9511499037193922
        ],
        [
          0.9986570234706414,
          -0.006976791045286529,
          0.05133686647497499,
          0.19707343533914193
        ],
        [
          0.004764318464011609,
          0.9990596625368384,
          0.04309399001274011,
          0.16739426331125296
        ],
        [
          0.0,
          0.0,
          0.0,
          1.0
        ]
      ]
    },
    {
      "file_path": "./images/DJI_20200226_143851_396.JPG",
      "sharpness": 126.17687519761759,
      "transform_matrix": [
        [
          -0.034005033943327746,
          -0.07498736039364993,
          0.996604512061616,
          3.946575857772978
        ],
        [
          0.9994148239537979,
          -0.006240053244361671,
          0.033631404920211716,
          0.15631948080480565
        ],
        [
          0.0036969349375388792,
          0.9971649600394941,
          0.07515567280896235,
          0.3226083547051243
        ],
        [
          0.0,
          0.0,
          0.0,
          1.0
        ]
      ]
    },
    {
      "file_path": "./images/DJI_20200226_143854_410.JPG",
      "sharpness": 105.90360703280571,
      "transform_matrix": [
        [
          -0.17393346961566772,
          -0.0631175419285907,
          0.98273258013674,
          3.8997816576285045
        ],
        [
          0.9847535543597477,
          -0.01393916278667899,
          0.17339589648157902,
          0.6792187284500463
        ],
        [
          0.002754146643877433,
          0.9979087511669403,
          0.0645797107036548,
          0.29203703136875475
        ],
        [
          0.0,
          0.0,
          0.0,
          1.0
        ]
      ]
    },
    {
      "file_path": "./images/DJI_20200226_143855_969.JPG",
      "sharpness": 102.82145675887512,
      "transform_matrix": [
        [
          -0.22763301241469752,
          -0.061682807475454834,
          0.9717913577177058,
          3.920712436128605
        ],
        [
          0.9737431127202467,
          -0.017237937472050262,
          0.22699604388974443,
          0.9060036766635416
        ],
        [
          0.0027499253872756233,
          0.997946934855515,
          0.06398713258705213,
          0.27492689225430306
        ],
        [
          0.0,
          0.0,
          0.0,
          1.0
        ]
      ]
    },
    {
      "file_path": "./images/DJI_20200226_143852_910.JPG",
      "sharpness": 100.89799395077071,
      "transform_matrix": [
        [
          -0.10848671025229246,
          -0.06734329362367684,
          0.9918142540397453,
          3.9080229873157752
        ],
        [
          0.9940959078679275,
          -0.009346318683291305,
          0.10810167569150755,
          0.4373858891987775
        ],
        [
          0.0019898892055816094,
          0.9976860864745234,
          0.0679596439805653,
          0.31402236157402436
        ],
        [
          0.0,
          0.0,
          0.0,
          1.0
        ]
      ]
    },
    {
      "file_path": "./images/DJI_20200226_143850_006.JPG",
      "sharpness": 98.37699683938925,
      "transform_matrix": [
        [
          0.003233345880569227,
          -0.07463523829426205,
          0.9972056591762006,
          3.992885347298184
        ],
        [
          0.9999879660645157,
          -0.0034380143891529513,
          -0.003499683301856856,
          -0.016094608629570722
        ],
        [
          0.0036896071023810677,
          0.9972049745542211,
          0.07462322384895709,
          0.3033574293783832
        ],
        [
          0.0,
          0.0,
          0.0,
          1.0
        ]
      ]
    },
    {
      "file_path": "./images/DJI_20200226_143906_682.JPG",
      "sharpness": 85.94108921245189,
      "transform_matrix": [
        [
          -0.03324291915689965,
          0.00580942140123143,
          0.9994304172691446,
          3.960619786624057
        ],
        [
          0.9994442877265415,
          -0.002262482854590897,
          0.033256531721141375,
          0.13841514739317426
        ],
        [
          0.002454395390539595,
          0.999980565715245,
          -0.005730981499827959,
          -0.004663225214103387
        ],
        [
          0.0,
          0.0,
          0.0,
          1.0
        ]
      ]
    },
    {
      "file_path": "./images/DJI_20200226_143908_032.JPG",
      "sharpness": 105.08609810320276,
      "transform_matrix": [
        [
          -0.08322057052870416,
          0.001565858424497555,
          0.9965299216491882,
          3.930484304825083
        ],
        [
          0.9965287202282311,
          -0.0020783498009872485,
          0.08322373593145807,
          0.3185403183833004
        ],
        [
          0.002201454352363861,
          0.9999966142759511,
          -0.001387461435626755,
          0.0058707229773873396
        ],
        [
          0.0,
          0.0,
          0.0,
          1.0
        ]
      ]
    },
    {
      "file_path": "./images/DJI_20200226_143910_733.JPG",
      "sharpness": 116.00518707652552,
      "transform_matrix": [
        [
          -0.18225421258089525,
          0.003227130018994849,
          0.9832461480434206,
          3.915715667818703
        ],
        [
          0.9832514395577343,
          0.0005038358642710151,
          0.18225353976552952,
          0.7139595506019021
        ],
        [
          9.276119645480265e-05,
          0.9999946658833377,
          -0.003264906445529359,
          -0.010380435068123112
        ],
        [
          0.0,
          0.0,
          0.0,
          1.0
        ]
      ]
    },
    {
      "file_path": "./images/DJI_20200226_143912_008.JPG",
      "sharpness": 99.8151665258854,
      "transform_matrix": [
        [
          -0.2271238347231466,
          0.0060350000904232995,
          0.9738471864150077,
          3.8955587288671882
        ],
        [
          0.9738658829427952,
          0.0013296713054401434,
          0.2271199551212303,
          0.8971670336536837
        ],
        [
          7.577229003389811e-05,
          0.9999809051986913,
          -0.006179280737432803,
          -0.013421192599753162
        ],
        [
          0.0,
          0.0,
          0.0,
          1.0
        ]
      ]
    },
    {
      "file_path": "./images/DJI_20200226_143909_533.JPG",
      "sharpness": 110.58820523762779,
      "transform_matrix": [
        [
          -0.1319104567027183,
          0.0024878458098424967,
          0.9912585142381238,
          3.9216170598370277
        ],
        [
          0.9912613293109792,
          -0.00045582418509058546,
          0.13191197533561194,
          0.5074642684396337
        ],
        [
          0.0007800162595734389,
          0.9999968014255869,
          -0.002405977368153747,
          -0.0014948375638056018
        ],
        [
          0.0,
          0.0,
          0.0,
          1.0
        ]
      ]
    },
    {
      "file_path": "./images/DJI_20200226_143914_572.JPG",
      "sharpness": 104.37435851790687,
      "transform_matrix": [
        [
          -0.199972510600168,
          0.045905756072051704,
          0.9787255266812985,
          3.9545872419503976
        ],
        [
          0.9798005535220483,
          0.010763379979778645,
          0.19968731799816167,
          0.7879175121513282
        ],
        [
          -0.0013675974288739773,
          0.9988877871036008,
          -0.04713086532634427,
          -0.2112247836123079
        ],
        [
          0.0,
          0.0,
          0.0,
          1.0
        ]
      ]
    },
    {
      "file_path": "./images/DJI_20200226_143921_201.JPG",
      "sharpness": 89.1317744251107,
      "transform_matrix": [
        [
          -0.033718659948778616,
          0.042552936273080946,
          0.9985250620788962,
          4.042438568006159
        ],
        [
          0.9994273432599717,
          -0.0013984533705717881,
          0.033808724798273106,
          0.14036014724531723
        ],
        [
          0.0028350512504796816,
          0.9990932348667846,
          -0.042481414073659594,
          -0.1775262086035364
        ],
        [
          0.0,
          0.0,
          0.0,
          1.0
        ]
      ]
    },
    {
      "file_path": "./images/DJI_20200226_143924_817.JPG",
      "sharpness": 78.03111990046378,
      "transform_matrix": [
        [
          -0.03493802651715694,
          0.06606003328570081,
          0.9972037937749958,
          4.095875391885236
        ],
        [
          0.9993877886243612,
          0.0004732244417502296,
          0.03498319606807415,
          0.15501795361533982
        ],
        [
          0.001839089888076791,
          0.9978155381004976,
          -0.06603612410994263,
          -0.28256148177550083
        ],
        [
          0.0,
          0.0,
          0.0,
          1.0
        ]
      ]
    },
    {
      "file_path": "./images/DJI_20200226_143926_241.JPG",
      "sharpness": 74.8639368988282,
      "transform_matrix": [
        [
          -0.07815865326235742,
          0.06421818520011373,
          0.9948704687665044,
          4.080119691392813
        ],
        [
          0.9969401913921252,
          0.0038169736002899805,
          0.07807487111464262,
          0.31584079429919554
        ],
        [
          0.0012164322177252616,
          0.9979285823224046,
          -0.06432001936039293,
          -0.2641284632456771
        ],
        [
          0.0,
          0.0,
          0.0,
          1.0
        ]
      ]
    },
    {
      "file_path": "./images/DJI_20200226_143913_463.JPG",
      "sharpness": 89.10974288693741,
      "transform_matrix": [
        [
          -0.22883598545520512,
          0.04319728094588298,
          0.9725060856845541,
          3.9311807993674632
        ],
        [
          0.9734649216209038,
          0.010535962682699428,
          0.22859361291155297,
          0.9264555093233798
        ],
        [
          -0.00037166530809578134,
          0.9990110051561472,
          -0.044462045113434906,
          -0.18666144844015148
        ],
        [
          0.0,
          0.0,
          0.0,
          1.0
        ]
      ]
    },
    {
      "file_path": "./images/DJI_20200226_143927_413.JPG",
      "sharpness": 85.70623539872466,
      "transform_matrix": [
        [
          -0.10706152542652454,
          0.06138458530035294,
          0.9923556632955319,
          4.040976275654091
        ],
        [
          0.99425173133487,
          0.005454595232225823,
          0.10692867776450918,
          0.44115559892095474
        ],
        [
          0.0011508740716053621,
          0.9980992836848556,
          -0.0616157074982952,
          -0.2615664738471174
        ],
        [
          0.0,
          0.0,
          0.0,
          1.0
        ]
      ]
    },
    {
      "file_path": "./images/DJI_20200226_143928_568.JPG",
      "sharpness": 82.56542236423883,
      "transform_matrix": [
        [
          -0.13935767428330476,
          0.062418425847229037,
          0.9882729272559115,
          4.027171534182929
        ],
        [
          0.9902418453818623,
          0.008053060808465198,
          0.13912668998556368,
          0.5663333118018687
        ],
        [
          0.0007254470036825596,
          0.9980175791739516,
          -0.06293159302192071,
          -0.26958890598175156
        ],
        [
          0.0,
          0.0,
          0.0,
          1.0
        ]
      ]
    },
    {
      "file_path": "./images/DJI_20200226_143918_576.JPG",
      "sharpness": 90.09106045448804,
      "transform_matrix": [
        [
          -0.11935638851917703,
          0.04976112551564184,
          0.9916036924704051,
          3.9896163128935704
        ],
        [
          0.9928513346259953,
          0.0054499214387560176,
          0.1192330729608684,
          0.49245580467541455
        ],
        [
          0.00052900968687736,
          0.9987462784699594,
          -0.05005588282133976,
          -0.19821266486896205
        ],
        [
          0.0,
          0.0,
          0.0,
          1.0
        ]
      ]
    },
    {
      "file_path": "./images/DJI_20200226_143929_618.JPG",
      "sharpness": 92.44511779001468,
      "transform_matrix": [
        [
          -0.16725142058032233,
          0.06133116162300202,
          0.9840048022960574,
          4.014683661310881
        ],
        [
          0.9859140172292762,
          0.011129300184389318,
          0.16688226181423996,
          0.6962643142840617
        ],
        [
          -0.0007162018562922046,
          0.9980554229626944,
          -0.06232864320297584,
          -0.2674587105087463
        ],
        [
          0.0,
          0.0,
          0.0,
          1.0
        ]
      ]
    },
    {
      "file_path": "./images/DJI_20200226_143917_136.JPG",
      "sharpness": 95.89448758831413,
      "transform_matrix": [
        [
          -0.15493664178620922,
          0.05413062288152425,
          0.986440323948862,
          3.9613198352267025
        ],
        [
          0.9879241576329947,
          0.009200993366245632,
          0.15466480041112182,
          0.6315784515679315
        ],
        [
          -0.0007041288927500323,
          0.9984914708706314,
          -0.05490252102564234,
          -0.2232740329307046
        ],
        [
          0.0,
          0.0,
          0.0,
          1.0
        ]
      ]
    },
    {
      "file_path": "./images/DJI_20200226_143930_936.JPG",
      "sharpness": 91.2860160693005,
      "transform_matrix": [
        [
          -0.203796130386624,
          0.06134617585004753,
          0.977089445220794,
          4.023504078864459
        ],
        [
          0.9790133042085954,
          0.012468696778529274,
          0.20341455646834483,
          0.8296253876914519
        ],
        [
          0.00029567313360702956,
          0.998038665745513,
          -0.06259979447394497,
          -0.2630555227140096
        ],
        [
          0.0,
          0.0,
          0.0,
          1.0
        ]
      ]
    },
    {
      "file_path": "./images/DJI_20200226_143920_018.JPG",
      "sharpness": 92.69434552621605,
      "transform_matrix": [
        [
          -0.07373546356566517,
          0.0425163836532513,
          0.996371134943035,
          4.021643523813363
        ],
        [
          0.9972757254469286,
          0.0010882387067642468,
          0.0737559704079581,
          0.2971597812475419
        ],
        [
          0.0020515474992349593,
          0.9990951770834613,
          -0.042480799136689486,
          -0.17232498447581834
        ],
        [
          0.0,
          0.0,
          0.0,
          1.0
        ]
      ]
    },
    {
      "file_path": "./images/DJI_20200226_143933_787.JPG",
      "sharpness": 123.66461289600127,
      "transform_matrix": [
        [
          -0.17345886243304975,
          -0.03751152608047738,
          0.9841264697529538,
          3.9203165911225417
        ],
        [
          0.9848403446582348,
          -0.005356488464282204,
          0.17338051668160726,
          0.6919172979622893
        ],
        [
          -0.0012323056907222953,
          0.9992818388504373,
          0.03787199466940388,
          0.14324910977261832
        ],
        [
          0.0,
          0.0,
          0.0,
          1.0
        ]
      ]
    },
    {
      "file_path": "./images/DJI_20200226_143935_646.JPG",
      "sharpness": 97.47275237024411,
      "transform_matrix": [
        [
          -0.14591771760534655,
          -0.040434392193485616,
          0.9884700701744366,
          3.9168732109893436
        ],
        [
          0.9892966028727613,
          -0.005457695432105939,
          0.1458164774810603,
          0.5583982734150965
        ],
        [
          -0.0005012320519773012,
          0.9991672900482579,
          0.04079798129707829,
          0.15836872554589182
        ],
        [
          0.0,
          0.0,
          0.0,
          1.0
        ]
      ]
    },
    {
      "file_path": "./images/DJI_20200226_143936_861.JPG",
      "sharpness": 78.93930989983366,
      "transform_matrix": [
        [
          -0.09976102609580653,
          -0.04684564229903105,
          0.9939080558501218,
          3.930850709828116
        ],
        [
          0.9950112387763533,
          -0.004084188976307395,
          0.0996792561627184,
          0.390164274417436
        ],
        [
          -0.0006102304536660159,
          0.9988937907564862,
          0.04701938345827847,
          0.17836823168963226
        ],
        [
          0.0,
          0.0,
          0.0,
          1.0
        ]
      ]
    },
    {
      "file_path": "./images/DJI_20200226_143938_168.JPG",
      "sharpness": 119.00834951608905,
      "transform_matrix": [
        [
          -0.05362167355917535,
          -0.04987491214678366,
          0.9973150000260348,
          3.9513842622066195
        ],
        [
          0.9985609243388313,
          -0.001785584823911548,
          0.05359936632475942,
          0.2180543822655109
        ],
        [
          -0.0008924731578648222,
          0.9987538760070237,
          0.04989888442115034,
          0.18091378896341717
        ],
        [
          0.0,
          0.0,
          0.0,
          1.0
        ]
      ]
    },
    {
      "file_path": "./images/DJI_20200226_143939_277.JPG",
      "sharpness": 123.91064442367906,
      "transform_matrix": [
        [
          -0.04322533777442714,
          -0.025412750649744596,
          0.9987420899774709,
          3.9811841694488512
        ],
        [
          0.9990645099742997,
          0.00019554059712837435,
          0.04324426752400467,
          0.1819471987482056
        ],
        [
          -0.0012942504122698164,
          0.9996770247845824,
          0.02538052496662671,
          0.04806180945851354
        ],
        [
          0.0,
          0.0,
          0.0,
          1.0
        ]
      ]
    },
    {
      "file_path": "./images/DJI_20200226_143944_181.JPG",
      "sharpness": 73.96512904608632,
      "transform_matrix": [
        [
          -0.1924881119484026,
          0.03253757969830292,
          0.9807597221948818,
          3.9168322560395996
        ],
        [
          0.9812883478988887,
          0.011105510549498697,
          0.19222342706679768,
          0.7536769346290311
        ],
        [
          -0.004637352363291829,
          0.999408812026728,
          -0.03406642658467211,
          -0.17813276150640758
        ],
        [
          0.0,
          0.0,
          0.0,
          1.0
        ]
      ]
    },
    {
      "file_path": "./images/DJI_20200226_143942_875.JPG",
      "sharpness": 94.7174855233891,
      "transform_matrix": [
        [
          -0.18328967778192334,
          -0.007059065174235987,
          0.9830336024934908,
          3.9032232300306204
        ],
        [
          0.9830498741008574,
          0.002980166303466215,
          0.18331411194747724,
          0.7141008057389325
        ],
        [
          -0.004223629880920546,
          0.9999706436798709,
          0.006393179409303601,
          0.0017627927317998295
        ],
        [
          0.0,
          0.0,
          0.0,
          1.0
        ]
      ]
    },
    {
      "file_path": "./images/DJI_20200226_143940_416.JPG",
      "sharpness": 86.90654911025705,
      "transform_matrix": [
        [
          -0.07440417429185395,
          -0.011426726152396703,
          0.997162699257875,
          3.945492804752223
        ],
        [
          0.9972139156299992,
          0.004493461423361681,
          0.0744594874970422,
          0.32994901985763936
        ],
        [
          -0.005331540295006977,
          0.9999246165325367,
          0.011060558042345748,
          0.023280854151204514
        ],
        [
          0.0,
          0.0,
          0.0,
          1.0
        ]
      ]
    },
    {
      "file_path": "./images/DJI_20200226_143941_511.JPG",
      "sharpness": 97.64230710595305,
      "transform_matrix": [
        [
          -0.11849780255990354,
          -0.011310807025398136,
          0.9928898914012441,
          3.928664001667312
        ],
        [
          0.9929469930351972,
          0.0024901116683424054,
          0.11853298429652087,
          0.4848733865213562
        ],
        [
          -0.00381311041547996,
          0.9999329302519139,
          0.010935959063843155,
          0.02489719687079594
        ],
        [
          0.0,
          0.0,
          0.0,
          1.0
        ]
      ]
    },
    {
      "file_path": "./images/DJI_20200226_143946_704.JPG",
      "sharpness": 88.07573996367988,
      "transform_matrix": [
        [
          -0.11007630221855609,
          0.029311224994676505,
          0.9934908453494005,
          3.9381832011515088
        ],
        [
          0.993916745983061,
          0.006831486774414536,
          0.10992193977043281,
          0.44249024580079305
        ],
        [
          -0.0035650728620439144,
          0.9995469888362567,
          -0.02988490217026873,
          -0.14202662415906522
        ],
        [
          0.0,
          0.0,
          0.0,
          1.0
        ]
      ]
    },
    {
      "file_path": "./images/DJI_20200226_143945_441.JPG",
      "sharpness": 81.3802270751321,
      "transform_matrix": [
        [
          -0.16469414946454716,
          0.03425599512227244,
          0.9857496456728746,
          3.923365871288101
        ],
        [
          0.98633996305953,
          0.008812177761981137,
          0.1644865428988546,
          0.6235307111278858
        ],
        [
          -0.0030519508952566786,
          0.9993742403800184,
          -0.03523937108490947,
          -0.16728205030976212
        ],
        [
          0.0,
          0.0,
          0.0,
          1.0
        ]
      ]
    },
    {
      "file_path": "./images/DJI_20200226_143948_113.JPG",
      "sharpness": 98.521380004598,
      "transform_matrix": [
        [
          -0.054585451414763966,
          0.022954536170801444,
          0.9982452192607264,
          3.9850663094426966
        ],
        [
          0.9985060993445963,
          0.003706954235891693,
          0.05451447570996705,
          0.2246400351008904
        ],
        [
          -0.0024490948394804662,
          0.9997296373386869,
          -0.023122590144511377,
          -0.1269389372595039
        ],
        [
          0.0,
          0.0,
          0.0,
          1.0
        ]
      ]
    }
  ]
}